-- Geometry sanity --
{'volume_min': 0.0009765625, 'volume_max': 0.0009765625, 'area_min': 0.03125, 'area_max': 0.03125, 'patch_flux': {'xmin': 1.0, 'xmax': -1.0, 'ymin': 0.0, 'ymax': 0.0}}

-- Laplace plate --
{'min': 0.0, 'max': 1.1005310987166192, 'solver_initial': 7.16436494045355, 'solver_final': 5.667946876579808, 'solver_iterations': 500.0, 'error_linf': 0.31446595901178}

-- Poisson manufactured --
{'solver_initial': 0.3083323155753929, 'solver_final': 7.338564632200261e-13, 'solver_iterations': 59.0, 'error_l2': 1.9377566026869124, 'error_linf': 1.9562334344557137}

-- Stokes cavity (no convection) --
{'iterations': 60, 'mass_history': [(1, 26.277280462961656, 0.7220013032353105, 0.7220013032353105), (2, 49.45765956122902, 1.1539716115940577, 1.8759729148293682), (3, 46.321614733112014, 0.6072813916827149, 2.483254306512083), (4, 44.14584928196795, 0.31528402873270756, 2.7985383352447903), (5, 43.462800938375175, 0.12159050766345997, 2.9201288429082504), (6, 42.7257963563563, -0.04535195648672989, 2.8747768864215204), (7, 42.21480213940478, -0.18186687915564434, 2.6929100072658763), (8, 41.86266809396464, -0.2954851976696006, 2.397424809596276), (9, 41.57045856995162, -0.39123309287236147, 2.0061917167239143), (10, 41.346416244536414, -0.4719436990778787, 1.5342480176460356), (11, 41.16788810120809, -0.5403755572409862, 0.9938724604050494), (12, 41.02299089120802, -0.5986454592564225, 0.39522700114862686), (13, 40.90478127860722, -0.6484604528278204, -0.25323345167919353), (14, 40.80709114284192, -0.6912287095591291, -0.9444621612383226), (15, 40.72560473145622, -0.7280922901109442, -1.6725544513492667), (16, 40.65705820688753, -0.759989140528717, -2.432543591877984), (17, 40.59888911245865, -0.7876954661567553, -3.220239058034739), (18, 40.549115154830496, -0.8118542861154184, -4.032093344150158), (19, 40.50617717493555, -0.8329960451347043, -4.865089389284862), (20, 40.46883848364681, -0.8515652983949336, -5.716654687679796), (21, 40.43610853220361, -0.8679349662317446, -6.58458965391154), (22, 40.40719051976181, -0.8824150615769615, -7.4670047154885015), (23, 40.38144072176083, -0.8952690231038809, -8.362273738592382), (24, 40.358335650617185, -0.9067197988385609, -9.268993537430942), (25, 40.33744927737669, -0.9169536834973566, -10.185947220928298), (26, 40.31842775769954, -0.9261305475880095, -11.112077768516308), (27, 40.30098074480996, -0.9343865476803896, -12.046464316196698), (28, 40.28487530150669, -0.9418407181421837, -12.98830503433888), (29, 40.269918082522686, -0.9485886974764852, -13.936893731815365), (30, 40.25594719085738, -0.9547202625096114, -14.891613994324977), (31, 40.242827274362455, -0.9603069510150518, -15.85192094534003), (32, 40.23044551822116, -0.9654103573079297, -16.81733130264796), (33, 40.218706505041474, -0.9700888648890658, -17.78742016753703), (34, 40.207528733077204, -0.9743880134225179, -18.761808180959548), (35, 40.19684401923084, -0.9783505139553209, -19.740158694914868), (36, 40.18659370687883, -0.9820142013917538, -20.72217289630662), (37, 40.17672878287296, -0.9854060686330861, -21.707578964939707), (38, 40.167207542198526, -0.9885574393583331, -22.69613640429804), (39, 40.15799362452221, -0.991490745779702, -23.687627150077745), (40, 40.14905598740003, -0.9942283621331808, -24.681855512210927), (41, 40.140367504085205, -0.9967876920777023, -25.67864320428863), (42, 40.13190471402755, -0.9991856266044368, -26.677828830893066), (43, 40.123646303743435, -1.0014375779253986, -27.679266408818464), (44, 40.1155739144123, -1.003557010490687, -28.682823419309152), (45, 40.10767124779948, -1.0055543960629065, -29.688377815372057), (46, 40.09992459643527, -1.0074373570655981, -30.695815172437655), (47, 40.09232052285494, -1.0092203733409983, -31.705035545778653), (48, 40.084847360844925, -1.0109081946064733, -32.71594374038513), (49, 40.07749531069275, -1.0125096327712928, -33.72845337315642), (50, 40.07025489015251, -1.0140306727690571, -34.74248404592548), (51, 40.06311824073849, -1.0154772837121668, -35.757961329637645), (52, 40.056077835561695, -1.016855204722418, -36.77481653436006), (53, 40.04912670528526, -1.018169934424073, -37.792986468784136), (54, 40.04225894397059, -1.0194224787388433, -38.81240894752298), (55, 40.035469087540996, -1.0206200720217384, -39.83302901954472), (56, 40.02875240856182, -1.021767316819991, -40.85479633636471), (57, 40.022103686609306, -1.0228636255689532, -41.87765996193366), (58, 40.015518650356455, -1.023915865343752, -42.90157582727741), (59, 40.00899403327955, -1.0249259728330804, -43.92650180011049), (60, 40.00252611607475, -1.025896085967464, -44.95239788607796)]}
